1	0.805515672
2	0.154405053
3	0.236088342
4	0.669235858
5	0.946145811
6	0.682276173
7	0.310864237
8	0.872977471
9	0.833783707
10	0.282357079
11	0.852069794
12	0.193095356
13	0.624727795
14	0.728652028
15	0.553247626
16	0.365091912
17	0.636833483
18	0.419598354
19	0.47935517
20	0.090427653
21	0.566151321
22	0.056799865
23	0.514113094
24	0.083547997
25	0.609730183
26	0.510781838
27	0.663814536
28	0.57066076
29	0.413818398
30	0.364827066
31	0.33810726
32	0.435855608
33	0.717221732
34	0.052922875
35	0.807334166
36	0.673361753
37	0.852737218
38	0.975728968
39	0.784998942
40	0.216087022
41	0.123138124
42	0.094897338
43	0.0988078
44	0.192250255
45	0.525283327
46	0.500004591
47	0.696919914
48	0.534411413
49	0.40275576
50	0.440444316
51	0.908943176
52	0.660770854
53	0.580035172
54	0.608839555
55	0.150563862
56	0.999105193
57	0.683877704
58	0.518011304
59	0.626123669
60	0.820714098
61	0.270540324
62	0.252735863
63	0.977965908
64	0.710408925
65	0.910687651
66	0.831373063
67	0.511126303
68	0.652210834
69	0.044946633
70	0.033074653
71	0.739544754
72	0.194391806
73	0.284496156
74	0.703163017
75	0.504968035
76	0.083154021
77	0.893526952
78	0.885106869
79	0.158400701
80	0.46003743
81	0.685775564
82	0.177263629
83	0.440207065
84	0.881702216
85	0.806848345
86	0.752735561
87	0.331839977
88	0.465988294
89	0.870522589
90	0.550960989
91	0.48795694
92	0.990643618
93	0.992805456
94	0.859790045
95	0.620100619
96	0.997567211
97	0.326276371
98	0.031166525
99	0.740391998
100	0.490327318
101	0.751073952
102	0.349190293
103	0.017796436
104	0.621206821
105	0.698665584
106	0.048805292
107	0.167218327
108	0.079909634
109	0.848737157
110	0.805374299
111	0.044899618
112	0.313131614
113	0.993483882
114	0.051466718
115	0.393433471
116	0.513416221
117	0.058024707
118	0.478511223
119	0.603796025
120	0.21340977
121	0.906752145
122	0.953696195
123	0.723073115
124	0.168335795
125	0.452639811
126	0.099280984
127	0.68294347
128	0.203941057
129	0.839492091
130	0.588799829
131	0.893278527
132	0.523326868
133	0.113704175
134	0.988445833
135	0.83189988
136	0.148472558
137	0.422311905
138	0.928779066
139	0.428807902
140	0.177289093
141	0.272183496
142	0.482039776
143	0.260501227
144	0.051631311
145	0.86200479
146	0.829610505
147	0.628155578
148	0.346290274
149	0.300838291
150	0.22664377
151	0.757656439
152	0.220421526
153	0.008175783
154	0.875578196
155	0.997881019
156	0.307365366
157	0.03339482
158	0.706029231
159	0.631622541
160	0.940612087
161	0.403750934
162	0.328444265
163	0.217074189
164	0.51219814
165	0.272817803
166	0.367916149
167	0.3261923
168	0.186875566
169	0.017677223
170	0.458515175
171	0.326343923
172	0.432360827
173	0.765235245
174	0.388935333
175	0.393829587
176	0.080178373
177	0.675064787
178	0.087642673
179	0.601449671
180	0.0478581
181	0.568359076
182	0.135384002
183	0.675040363
184	0.343831962
185	0.390623228
186	0.965534928
187	0.604482469
188	0.805615607
189	0.328937563
190	0.016237271
191	0.891255795
192	0.76010143
193	0.577171769
194	0.992368504
195	0.568964103
196	0.839514802
197	0.013734134
198	0.09213551
199	0.852878403
200	0.521785096
201	0.809247634
202	0.573084198
203	0.763258771
204	0.147594422
205	0.527601599
206	0.221723253
207	0.963383224
208	0.006452104
209	0.537476279
210	0.840313013
211	0.976079077
212	0.483617245
213	0.263019992
214	0.00747642
215	0.883400009
216	0.27714768
217	0.222797321
218	0.454084039
219	0.638473237
220	0.564676725
221	0.055963827
222	0.063275644
223	0.609008518
224	0.968463283
225	0.854873733
226	0.214341573
227	0.214320068
228	0.965882427
229	0.72521793
230	0.774074327
231	0.59688464
232	0.031315945
233	0.220198889
234	0.443596531
235	0.624937137
236	0.519186966
237	0.960650148
238	0.311595906
239	0.461372123
240	0.809599703
241	0.400360608
242	0.375359444
243	0.15155245
244	0.580135099
245	0.578714959
246	0.563722821
247	0.05331521
248	0.838629359
249	0.758710939
250	0.446119657
251	0.138952048
252	0.340053344
253	0.942549151
254	0.075615116
255	0.71603993
256	0.212773031
257	0.888548295
258	0.276810734
259	0.486465687
260	0.325776929
261	0.860605816
262	0.103495514
263	0.855781813
264	0.233710438
265	0.905009498
266	0.663157741
267	0.28983989
268	0.520946632
269	0.412244379
270	0.529849329
271	0.695818696
272	0.190023504
273	0.113814996
274	0.549450288
275	0.810440708
276	0.255333644
277	0.850586524
278	0.573504901
279	0.047824916
280	0.848808238
281	0.025229571
282	0.317299883
283	0.069889941
284	0.143063744
285	0.753507359
286	0.955288932
287	0.532240084
288	0.434346896
289	0.343204011
290	0.47281043
291	0.254732973
292	0.658454662
293	0.309788069
294	0.941443322
295	0.420890307
296	0.453929507
297	0.896316055
298	0.25909923
299	0.487377996
300	0.99317032
301	0.101528451
302	0.108447311
303	0.059919785
304	0.555573317
305	0.918574703
306	0.98981436
307	0.840727276
308	0.053256666
309	0.918183319
310	0.04849692
311	0.404686626
312	0.465390939
313	0.922541498
314	0.09120092
315	0.753053996
316	0.540168382
317	0.418751301
318	0.83242811
319	0.943245735
320	0.986054561
321	0.337423598
322	0.731769026
323	0.646940434
324	0.34448909
325	0.324086113
326	0.098601821
327	0.384633599
328	0.617407736
329	0.778978864
330	0.247748401
331	0.614218019
332	0.407537108
333	0.818772656
334	0.850168491
335	0.045907102
336	0.366889066
337	0.315577353
338	0.133194492
339	0.815720808
340	0.791918285
341	0.394384262
342	0.320704335
343	0.781515012
344	0.691885981
345	0.429647938
346	0.967293364
347	0.322496237
348	0.140752378
349	0.120809508
350	0.456859551
351	0.650566404
352	0.687582501
353	0.748384812
354	0.624130675
355	0.776086827
356	0.660651077
357	0.400861339
358	0.105412582
359	0.346834365
360	0.797011518
361	0.207509897
362	0.536292538
363	0.889829924
364	0.511292831
365	0.869407658