1	0.734562491
2	0.827138736
3	0.049962233
4	0.373461416
5	0.914582944
6	0.336602154
7	0.022917117
8	0.21169137
9	0.006783763
10	0.352523465
11	0.510729835
12	0.566977398
13	0.7279403
14	0.394379384
15	0.497965341
16	0.131080696
17	0.266780157
18	0.500185562
19	0.515534535
20	0.043657209
21	0.44901234
22	0.752118173
23	0.444913619
24	0.562365028
25	0.865254789
26	0.583019866
27	0.396926799
28	0.960042193
29	0.399318449
30	0.630958694
31	0.302684124
32	0.260667674
33	0.359872768
34	0.775481577
35	0.397188401
36	0.464555326
37	0.021244914
38	0.810701799
39	0.678748854
40	0.912338397
41	0.991228926
42	0.942960636
43	0.419290883
44	0.500315562
45	0.760038439
46	0.587884626
47	0.462777213
48	0.794205896
49	0.770746197
50	0.359888036
51	0.632813828
52	0.855680211
53	0.478065742
54	0.024748022
55	0.737701843
56	0.50476184
57	0.412700032
58	0.823817869
59	0.397985704
60	0.690943612
61	0.104067691
62	0.222244
63	0.764508185
64	0.427564312
65	0.852899351
66	0.324277057
67	0.428197935
68	0.05473741
69	0.732416215
70	0.229106785
71	0.604089673
72	0.618354813
73	0.174403952
74	0.973862577
75	0.878881085
76	0.990258244
77	0.743128847
78	0.616321887
79	0.005193037
80	0.079467526
81	0.235908292
82	0.382536356
83	0.919823271
84	0.41034278
85	0.173797408
86	0.926671734
87	0.160236763
88	0.012279783
89	0.175692342
90	0.201227755
91	0.780553027
92	0.437497139
93	0.242139143
94	0.488430467
95	0.479152924
96	0.087569854
97	0.158684306
98	0.998050967
99	0.05973952
100	0.546782337
101	0.347680559
102	0.568831211
103	0.977477115
104	0.890775709
105	0.060024734
106	0.409320785
107	0.172630703
108	0.558611962
109	0.616713288
110	0.11751143
111	0.231605315
112	0.43376618
113	0.736410206
114	0.125868471
115	0.762380967
116	0.888923944
117	0.497833072
118	0.522834517
119	0.122164361
120	0.62413105
121	0.487088871
122	0.148606009
123	0.585649671
124	0.405602713
125	0.810281827
126	0.452692894
127	0.814740787
128	0.335942041
129	0.192749212
130	0.924429996
131	0.419742701
132	0.813331227
133	0.234787364
134	0.976743726
135	0.231518914
136	0.348007592
137	0.728985437
138	0.293519458
139	0.573971394
140	0.731315975
141	0.426016432
142	0.272467149
143	0.073392887
144	0.326316848
145	0.303351048
146	0.212231018
147	0.68815131
148	0.694350917
149	0.433165961
150	0.114691997
151	0.758889303
152	0.487430545
153	0.89724762
154	0.455852928
155	0.704297498
156	0.143782239
157	0.583863466
158	0.096908883
159	0.468757509
160	0.597911335
161	0.035320499
162	0.893153837
163	0.882687915
164	0.01833463
165	0.976970133
166	0.173994002
167	0.448895321
168	0.218530856
169	0.474261991
170	0.742995845
171	0.199185772
172	0.431769491
173	0.381944599
174	0.250650486
175	0.237994881
176	0.135993575
177	0.252809257
178	0.320048619
179	0.158741149
180	0.57075968
181	0.97679466
182	0.810076739
183	0.704471344
184	0.096362429
185	0.759812016
186	0.780263725
187	0.057554627
188	0.218041195
189	0.070049107
190	0.661090819
191	0.37138948
192	0.312013848
193	0.590292894
194	0.399624408
195	0.75440481
196	0.299413703
197	0.312902739
198	0.446989354
199	0.775964376
200	0.272254287
201	0.738286665
202	0.135508492
203	0.737429198
204	0.282565351
205	0.688298978
206	0.298389788
207	0.265840785
208	0.582012183
209	0.728373528
210	0.294366344
211	0.95655636
212	0.428747867
213	0.561748611
214	0.463824663
215	0.162293546
216	0.607423284
217	0.02421338
218	0.0852295
219	0.020132605
220	0.219943828
221	0.215212072
222	0.398548689
223	0.159509424
224	0.140106075
225	0.744643028
226	0.195859731
227	0.752907488
228	0.913788945
229	0.825637292
230	0.129544271
231	0.866463902
232	0.810635629
233	0.108087597
234	0.645709523
235	0.642024272
236	0.047628424
237	0.835867787
238	0.167422423
239	0.343605142
240	0.29870718
241	0.202253721
242	0.094171433
243	0.088447588
244	0.267096033
245	0.802665225
246	0.440021013
247	0.666904081
248	0.274398026
249	0.38943439
250	0.477140447
251	0.210647194
252	0.308594392
253	0.319852812
254	0.552256345
255	0.745899721
256	0.653752535
257	0.252243855
258	0.643133321
259	0.3162739
260	0.18304565
261	0.906364828
262	0.408523543
263	0.123503591
264	0.917813473
265	0.545212029
266	0.51168127
267	0.730891165
268	0.810646811
269	0.685112794
270	0.394146757
271	0.417743935
272	0.863852342
273	0.496267027
274	0.985384866
275	0.904391281
276	0.794660484
277	0.477398745
278	0.80037622
279	0.896667832
280	0.155206771
281	0.933465623
282	0.780117956
283	0.498545189
284	0.632550033
285	0.8536894
286	0.195512922
287	0.41435466
288	0.928110592
289	0.699342351
290	0.05420529
291	0.740009142
292	0.285637921
293	0.92598095
294	0.503583718
295	0.031816466
296	0.120258285
297	0.322405262
298	0.902364791
299	0.683026093
300	0.874417452
301	0.546751878
302	0.579624513
303	0.581120404
304	0.047684651
305	0.837541191
306	0.512944388
307	0.126651821
308	0.253605452
309	0.221948643
310	0.961901447
311	0.071168523
312	0.473882658
313	0.597888381
314	0.931836625
315	0.381971636
316	0.929867069
317	0.274442249
318	0.904620226
319	0.766052269
320	0.667929144
321	0.238400779
322	0.347465453
323	0.995094232
324	0.422511893
325	0.115334141
326	0.354480011
327	0.672189555
328	0.7927802
329	0.551774461
330	0.650376797
331	0.08799301
332	0.072290092
333	0.81766534
334	0.709264706
335	0.819895888
336	0.015079079
337	0.244742932
338	0.234142692
339	0.910923414
340	0.463097611
341	0.471313369
342	0.810363755
343	0.796197227
344	0.428204726
345	0.580551464
346	0.608730792
347	0.717967328
348	0.025098237
349	0.588584055
350	0.288969001
351	0.563083774
352	0.315673521
353	0.85108247
354	0.100533315
355	0.359610664
356	0.613162023
357	0.735934817
358	0.887932631
359	0.6015975
360	0.0796832
361	0.070950627
362	0.882981345
363	0.55706187
364	0.626693081
365	0.822805916